1386055194056683523
1386054917941436420
1386054276795944961
1386053441525477379
1386053061773205507
1386053007721259010
1386052928754966528
1386052895267725313
1386052430249349125
1386052418815684609
1386051637358170113
1386050715760566272
1386050290923696129
1386049266968252418
1386048396071366657
1386047825931292672
1386047694339072002
1386047074215501828
1386046340027797504
1386044798319030272
1386044328921890817
1386044015015985155
1386043925887021057
1386043901375434752
1386042659710521344
1386042596607205376
1386041998830825472
1386041140881682436
1386040769660678145
1386040471915429888
1386039080929005568
1386038941447385089
1386038866956619780
1386038782026080261
1386038744956870657
1386038653877579777
1386038542908858372
1386038393872666629
1386038057695023107
1386036246758060033
1386036158593867776
1386035875578990594
1386035715255930883
1386035650906845189
1386034709981970433
1386034234939252736
1386034178131591168
1386032540377440256
1386032168237891585
1386031240218746883
1386031193712328705
1386031180785455105
1386030689254924290
1386030424791552010
1386029550140727301
1386029415650381825
1386029096841277440
1386029011621453824
1386028505125638145
1386028291413495809
1386028126753357824
1386028098269835264
1386027681016258563
1386027167931191297
1386027010338828296
1386026815035113473
1386026551456591872
1386026412113416198
1386025812256645123
1386025804102979585
1386025740630593538
1386025635919794176
1386025497461608455
1386025148646494208
1386024555169210369
1386024532180299776
1386024513494679552
1386024511590387712
1386024326269267972
1386024203674030086
1386023645818982401
1386023049762205696
1386023019450048514
1386022632798101509
1386022517723131904
1386022229377392640
1386022209211092993
1386021187793293313
1386020902773563393
1386020882414379008
1386020607523835906
1386019975433908227
1386019376638226435
1386019366353833986
1386019120626364416
1386018676852236288
1386018621323825152
1386018530106036225
1386017968195194882
1386017944958767104
1386017583728521217
1386017543010193411
1386017533279367177
1386017302437527558
1386017223282593793
1386017065945886723
1386017005258436611
1386016769916039168
1386016755219275778
1386016719194361859
1386016609706205184
1386016497672224769
1386016394752401410
1386016114447044612
1386015957248659456
1386015956548292609
1386015897895071749
1386014909977169921
1386014874342354945
1386014722416254978
1386014689633521676
1386014469206151169
1386014165391667205
1386013984621404162
1386013770720239616
1386013725421760512
1386013708149673985
1386013651195219971
1386013522979561474
1386013474787000322
1386013382843666436
1386013214685614080
1386013208616472584
1386013070208626703
1386013042618507264
1386012871339905027
1386012844177518597
1386012641382920192
1386012571048710145
1386012492011167746
1386012338361307141
1386012234518695940
1386011484090601473
1386011360178315269
1386011343078137857
1386011153436876800
1386011044833759235
1386010938612981761
1386010612593954817
1386010570994843650
1386010553714315264
1386010538866450432
1386010508768137218
1386010260238868486
1386010020647632899
1386009934693687301
1386009891932839940
1386009804104159243
1386009712605339648
1386009663745892357
1386009645253238790
1386009559790063618
1386009498570039296
1386009372971528192
1386009283570012160
1386009037842444289
1386009032729632770
1386009030288494603
1386008564548866054
1386008538334388224
1386008497456783362
1386008461465427970
1386008417647529987
1386008127544299527
1386008080492634115
1386008025459089411
1386007791970623491
1386007426332205058
1386007039600562177
1386006446647779328
1386006411788787712
1386006265747238915
1386006161766318085
1386006095726997504
1386005873051406338
1386005687235268610
1386005438437617665
1386005428752900097
1386005316685369348
1386005190499717128
1386005183466024960
1386005119641133056
1386005045041188866
1386004908218884098
1386004782314258436
1386004771903983622
1386004329639809030
1386003889330159616
1386003798619942915
1386003722346536962
1386003348382306306
1386003262969499649
1386003262873030659
1386003162771771395
1386003093251182592
1386002975865249792
1386002967447306243
1386002926733197313
1386002877039083526
1386002315920900098
1386002269624168450
1386002191983415296
1386002124438269956
1386002049540653057
1386002039457472512
1386001972050857986
1386001958658469889
1386001884578598914
1386001784200564741
1386001722951143425
1386001311099916294
1386001298202431490
1386001185832804355
1386001147861692421
1386001036519768066
1386000956349771777
1386000801223512065
1386000540014759941
1385999417321291784
1385999395838054402
1385999369783046158
1385999181857189892
1385998965066240001
1385998691194916867
1385998538392293380
1385998295927910401
1385998294204129280
1385997847208677382
1385997753520562177
1385997192851337216
1385997099481849864
1385996896913686536
1385996778546343936
1385996443320668162
1385996441819123719
1385996364316774400
1385996291092606979
1385996275225567235
1385996242480635911
1385996158930092032
1385996080060370950
1385996070245732361
1385995771930058754
1385995712161140743
1385995702275301381
1385995674085249030
1385995624227606528
1385995584339730432
1385995264465543169
1385995184366702597
1385995052896321537
1385994969878384645
1385994906477363200
1385994899749707776
1385994845504737282
1385994843583750145
1385994719423913986
1385994660775141379
1385994536728551424
1385994450837512199
1385994369530957825
1385994266518822912
1385993994568560640
1385993896635691008
1385993663398903814
1385993541705297922
1385993488563539968
1385993159516303361
1385992815734255622
1385992689292693505
1385992626428518401
1385992598926594051
1385992573823508483
1385992570820464652
1385992324258299908
1385992246722502659
1385992226254118917
1385992016845099008
1385991867439796231
1385991687449710595
1385991573263945728
1385991553454206979
1385991442481381376
1385990971330940930
1385990607173152768
1385990482812039171
1385990433713496077
1385990285381881856
1385990097384853504
1385990086840315905
1385990018980737024
1385989956183617539
1385989725203410954
1385989523184578566
1385989366250573824
1385989279831105543
1385989218237751298
1385989107944333318
1385989093394321410
1385989002197573633
1385988960149663752
1385988831233540102
1385988810920529920
1385988199680339968
1385987921728073732
1385987624872013832
1385987435855704071
1385987318910095363
1385987244830257152
1385987025174601730
1385986718503895048
1385986578799992836
1385986480087048192
1385986406816751618
1385986155028508679
1385986150712504332
1385986083217829890
1385986056370069506
1385986018319417347
1385986008886374400
1385985969594068995
1385985850467487745
1385985839956590593
1385985796176371715
1385985416717688833
1385985279643721728
1385985265013989386
1385985209024204803
1385984918958657540
1385984745356480514
1385984627504943107
1385984569661296645
1385984367676166145
1385984338718715907
1385984302119145478
1385984079393214469
1385984009147064323
1385983826099204098
1385983624730742786
1385983453280178181
1385983098714689540
1385983097724837892
1385982981399990272
1385982888923914240
1385982795999186956
1385982253600108554
1385982124021358594
1385982034204577801
1385981967942914052
1385981613314506752
1385981493231579143
1385981469206609921
1385981450273497093
1385981208136495111
1385981140247347201
1385980600021028865
1385980569155104771
1385980466973618177
1385980282751262725
1385979647884627972
1385979455751983105
1385979330266767362
1385979257269014535
1385978992616902660
1385978404378316803
1385978387034898434
1385978323050795012
1385978309092143106
1385978195762024450
1385978194243686402
1385978163142959107
1385977889317785601
1385977864969875462
1385977757453078531
1385977604205727751
1385977538015498241
1385977510341464066
1385977481438515202
1385977195902824448
1385977162612703233
1385977076788903942
1385977009990299649
1385976930315341826
1385976778326306816
1385976508565516297
1385976325173747718
1385976279967490049
1385976249609166850
1385976162216730626
1385975880850182144
1385975798729900036
1385975568219447299
1385975490469457922
1385975358646734853
1385975220587012105
1385975138420543489
1385974909575127040
1385974708408000513
1385974649834524673
1385974478010605569
1385973981186912263
1385973902212435977
1385973684322541572
1385973643600035842
1385973478365401094
1385973445368815621
1385973359658225668
1385973348836904962
1385973338674122753
1385973337294180353
1385973232566628352
1385973057001426944
1385973018535424000
1385972970435145730
1385972786733019136
1385972735109570562
1385972522156322821
1385972466070265857
1385972050825678853
1385971937952686084
1385971849159319552
1385971814589890563
1385971669496303619
1385971437488414722
1385971391720083459
1385971325789884423
1385971325693431815
1385971138073743365
1385970903062704135
1385970759437144067
1385970558622330880
1385970469086531584
1385970286286106632
1385970282083471370
1385970207881977857
1385970183970250753
1385970002528858116
1385969946128044032
1385969779068964864
1385969414164545547
1385969199881678850
1385969165094121472
1385968784951758852
1385968756531232774
1385968699228577797
1385968639887646731
1385968509528600578
1385968075158155275
1385967972414464003
1385967844597198849
1385967799714021381
1385967766792900608
1385967750225403907
1385967695753924610
1385967625864286210
1385967545123934211
1385967524911599619
1385967488244981770
1385967387141279745
1385967351091236867
1385967337673691138
1385967327800217600
1385967323815632898
1385967262926921729
1385967202671599617
1385967015802793992
1385966936924721158
1385966910244675585
1385966907954581508
1385966769307721729
1385966759900028932
1385966669198028801
1385966574423527430
1385966501140697095
1385966443565436942
1385966412657684486
1385966406500425732
1385966338355519489
1385966337948733443
1385966239424516100
1385966185431322625
1385965971836375049
1385965740960800769
1385965377016844294
1385965316249821187
1385965240009957384
1385965221848698883
1385965180740259841
1385965098808848388
1385965031020318720
1385964936472432640
1385964784277811201
1385964581936189446
1385964544023924739
1385964456383893504
1385964439527071750
1385964431729782785
1385964422225559556
1385964369406619650
1385964309470007303
1385964298581647366
1385964191463342082
1385964127357571073
1385964072449974273
1385963935396864002
1385963742202982401
1385963663471759368
1385963577408856072
1385963546618388490
1385963328317444096
1385963016517156866
1385962946707136514
1385962928361279493
1385962904156098565
1385962883301797888
1385962814259359746
1385962713461903360
1385962692502900736
1385962640741076996
1385962574701744129
1385962556771037184
1385962460511760390
1385962381449125890
1385962314373877762
1385962278097330176
1385962141203660809
1385962114720862208
1385961999389970437
1385961962891141124
1385961895744577539
1385961845765246981
1385961839234674692
1385961778765385729
1385961730904248321
1385961713502244868
1385961626814144516
1385961420399931395
1385961335440166913
1385961228464320517
1385961136424509442
1385961123577360387
1385960882820186112
1385960846224879627
1385960846006755330
1385960782630772738
1385960683116793856
1385960596215009286
1385960523007631364
1385960450374848512
1385960309525864455
1385960214235549707
1385959847514894339
1385959669059907584
1385959438373179396
1385959349265174532
1385959264770945026
1385958806291501063
1385958797454188552
1385958551445598211
1385958440128835587
1385958350194569225
1385958232041132038
1385958207911198727
1385957980378583046
1385957969754349575
1385957824627281922
1385957727948603393
1385957520632541188
1385957466932867074
1385957447324471296
1385957445420257284
1385957401094807561
1385957399916290051
1385957356496777220
1385957353485340674
1385957313169616898
1385957303224913925
1385957293682872328
1385957163034570752
1385957122748211205
1385957039533289483
1385956940539326474
1385956874999140353
1385956848919011329
1385956389881716737
1385956367622623234
1385956313037893634
1385956011840720904
1385955684240420871
1385955647401852928
1385955129514283011
1385955075416227843
1385954991513296899
1385954659307724804
1385954547424583684
1385954486435205120
1385954355778449413
1385953804437254144
1385953748741021705
1385953745838567429
1385953663617691651
1385953634630856704
1385953519711133697
1385953478158077957
1385953444482060289
1385953404128665602
1385953280316952579
1385953201023684615
1385952976833974284
1385952937789251585
1385952794784399369
1385952794494963717
1385952771522764801
1385952751046168581
1385952419629178883
1385952358966849542
1385952181803634691
1385952106192859137
1385952093777764353
1385951882405826566
1385951769776119808
1385951620186341382
1385951402497757184
1385951181030100999
1385951126579724295
1385951122343354368
1385951091699814408
1385951038436347907
1385950865370935299
1385950859729596422
1385950816197042176
1385950584851755016
1385950530254499846
1385950528333500416
1385950401770389515
1385950238674800650
1385950134349963268
1385950116096315398
1385950096844541959
1385949993417121796
1385949924274053120
1385949921157779460
1385949857471291394
1385949819357728773
1385949642576130052
1385949475814862848
1385949433578151945
1385949419103686669
1385949162194280450
1385949145907691520
1385949006258335748
1385948563268542468
1385948419974254592
1385947913893781507
1385947724462268418
1385947518144372739
1385947214162190336
1385947199373119488
1385947041373859843
1385946973795241992
1385946897915908096
1385946843981303808
1385946833541685251
1385946759818403843
1385946690444697610
1385946140042940424
1385946121722228736
1385945920827797506
1385945913466638339
1385945883586404353
1385945853404139532
1385945721426251778
1385945600428937217
1385945502009630722
1385945477741355011
1385945395080044548
1385945076577312772
1385945046428524546
1385944789992968194
1385944444461936642
1385944444399087616
1385944424320880648
1385944406889357312
1385944317806534660
1385944186566807564
1385944184628989954
1385944166824255488
1385944032778489856
1385943407197966343
1385943373069045763
1385943370137182210
1385943348746211328
1385943197164072968
1385943125399531520
1385942883442831360
1385942818271633408
1385942679796604936
1385942466738618370
1385942120532385793
1385941968362954752
1385941834111672323
1385941804688674822
1385941709570265097
1385941599230652419
1385941563444916232
1385941504535908355
1385941496692494348
1385941456758591488
1385941072770060288
1385941069901144065
1385940981145497602
1385940844113399814
1385940796109594633
1385940674323779586
1385940658251128832
1385940628068995073
1385940588025978885
1385940257317609478
1385940021987799044
1385940003293855748
1385939970095939585
1385939880161599490
1385939865749970949
1385939380968165376
1385939336152195074
1385939004080615426
1385939001366831110
1385938955678273537
1385938876062081028
1385938843254202373
1385938827747807234
1385938813474656264
1385938651650027523
1385938641373982726
1385938575456358402
1385938431306465282
1385938418383818755
1385938408405573632
1385938349823721477
1385938295532572676
1385938266617040900
1385938236942340097
1385938200678469643
1385938188485611527
1385938141270319106
1385938106860273665
1385938106193530887
1385938096189886467
1385938077172920327
1385938047242412036
1385937987637178374
1385937985292537858
1385937950018396161
1385937839620337671
1385937806317342729
1385937787153653761
1385937727393202180
1385937666596741123
1385937622623657989
1385937460496977924
1385937414133141511
1385937239557894145
1385937210126389249
1385937046565494790
1385936936821346308
1385936581828169728
1385936541223108612
1385936481408229379
1385936473292107776
1385936395336749057
1385936387568930816
1385936158819962883
1385935965730918416
1385935936848990210
1385935635358302210
1385935605649924098
1385935522523090944
1385934985874444288
1385934340752777220
1385934185701908481
1385934106974818311
1385934105309716487
1385933948782399491
1385933939487895553
1385933915576094726
1385933716602515461
1385933461580435457
1385933096713818117
1385933008843141125
1385932889481629704
1385932771000942593
1385932661877706756
1385932569095532549
1385932247547613188
1385931994312310791
1385931754083651584
1385931403326414851
1385931345549922305
1385931320887439361
1385931168298635265
1385931155225014275
1385931088736907271
1385931065584357376
1385930759362412547
1385930736532819976
1385930613249609737
1385930407070212099
1385930360014266372
1385930307451330564
1385930206041427973
1385929820559708163
1385929776083333122
1385929691454869504
1385929618310328323
1385929514178408451
1385929449535770625
1385929405319442432
1385929365976797192
1385929261173809164
1385929250558025728
1385928999264681989
1385928940028534788
1385928938942177284
1385928779336327171
1385928678874312712
1385928670024396802
1385928646959845377
1385928533361319938
1385928404617236480
1385928164879192064
1385928053180805120
1385927442104152065
1385927378279436291
1385927358813593610
1385927253624643587
1385927141141872641
1385927133118156804
1385927043418771461
1385926961202012166
1385926929925111811
1385926797913509888
1385926770851926017
1385926748152287235
1385926707035533324
1385926700303749135
1385926656360017921
1385926514227638273
1385926451313008645
1385926412192739333
1385926090154205191
1385925983715295240
1385925564242923524
1385925528130048005
1385925496941137926
1385925295211835395
1385925130707103753
1385925070120357895
1385925062696390659
1385925035676737543
1385924973139660804
1385924931431505921
1385924912380989447
1385924831372189700
1385924719774371846
1385924538114854916
1385924483106496518
1385924456980221961
1385924103186501633
1385924034903232514
1385923453270695936
1385923396693757954
1385923361268662272
1385923335662444546
1385923301961134080
1385923246579585027
1385922925732134912
1385922908745134081
1385922773587959809
1385922712799911937
1385922524978978817
1385922330354847744
1385922216286593026
1385922101966557186
1385921727826300936
1385921571466866691
1385921367347011586
1385921290477871105
1385920942920986626
1385920837585309697
1385920830886989827
1385920628176265219
1385920418884644866
1385920388660535299
1385920266107121666
1385920110108446721
1385919941321297920
1385919805434208261
1385919596897529859
1385919516392165377
1385919504530644993
1385919431574913031
1385919375891255300
1385919178624831491
1385919141224214529
1385919122182074369
1385919107778846723
1385919090359824386
1385918889796673543
1385918860973334528
1385918622682390530
1385918458588647432
1385918451424718854
1385918449579282432
1385918333900386307
1385918059865464840
1385917993784250369
1385917922820857856
1385917816943955970
1385917705270685696
1385917578711691264
1385917564539211776
1385917541600559111
1385917471824113664
1385917455533441030
1385917429537144836
1385917351254708224
1385917015227985922
1385916513266196481
1385916376162869249
1385916310899417091
1385916270370070528
1385916224937218048
1385916191370145794
1385915730927886342
1385915653161316360
1385915514677989382
1385915492590702594
1385915479991078912
1385915370003783681
1385915345915957250
1385915322113302530
1385915265645350916
1385915247186169857
1385914967732281350
1385914965274415105
1385914935650054144
1385914849121603584
1385914832377896963
1385914767517229056
1385914760336613379
1385914725444120578
1385914687116615682
1385914650059952130
1385914565385330690
1385914420891570177
1385914354814488586
1385914347638063111
1385914345238925313
1385914317380276225
1385914205136580610
1385913766462857216
1385913641711538183
1385913608673001472
1385913596832407555
1385913341252562945
1385913335556673536
1385913177745985537
1385913166417203204
1385913152177545221
1385913116643397637
1385913104706375689
1385912931108327426
1385912925383135233
1385912825600614409
1385912753987096581
1385912739009220612
1385912620465590276
1385912581114662915
1385912495420809231
1385912416031055875
1385912403012071424
1385912242005155845
1385912133846593537
1385912091010166785
1385912021598670848
1385912007224750080
1385912001562480644
1385911997582123009
1385911914635563009
1385911848348786689
1385911770309484544
1385911755172241408
1385911745831600130
1385911665389019136
1385911505661534217
1385911358835752960
1385911349616644097
1385911334902976517
1385911278091317248
1385911236529844225
1385911183291596809
1385911144729124867
1385911135384211461
1385911018769973249
1385910991351816192
1385910985290969088
1385910914725990400
1385910888486477841
1385910851933069315
1385910707909128192
1385910668096806915
1385910656935682049
1385910648714850306
1385910625675714560
1385910608869019650
1385910568477859846
1385910543735689217
1385910536261361667
1385910525985386499
1385910405680156680
1385910296712073223
1385910286352191489
1385910201803362305
1385910197378437122
1385910021871980548
1385910008341094400
1385909873280372740
1385909861523673093
1385909775527923715
1385909664286531585
1385909581000241154
1385909574893391876
1385909404168376325
1385909357574041600
1385909251365769218
1385908945424818178
1385908896162746372
1385908892450783237
1385908778617376768
1385908619388936195
1385908607250698240
1385908460827541504
1385908363293126665
1385908341080137732
1385908300852563973
1385908261023457281
1385908005397401601
1385907638970437632
1385907603843129345
1385907278818156544
1385907271146762242
1385907206537695235
1385907195439505416
1385907052413808640
1385907051201654786
1385906910134628353
1385906882934542338
1385906785257545735
1385906782015352832
1385906619888771073
1385906612456497154
1385906366565388292
1385906362807242760
1385906248566984712
1385906211418083336
1385906206061916173
1385906201108520972
1385906173010796544
1385906108825407494
1385906054412730368
1385906000100683785
1385905937660080130
1385905897872846849
1385905897671585796
1385905892470804480
1385905888033087491
1385905778326867970
1385905711897620483
1385905692347813888
1385905656402628608
1385905496943562755
1385905476521451522
1385905376436969474
1385905353062162434
1385905338709209091
1385905246262632450
1385905212448067588
1385905157456596996
1385905134152994819
1385905057678249985
1385904983560777734
1385904934164451330
1385904781873467401
1385904771786166275
1385904676328001537
1385904666915971073
1385904537383231489
1385904464339423232
1385904450737299463
1385904316964167682
1385904270294228996
1385904268788465664
1385904262807388161
1385904237419274241
1385904055705243654
1385904040454672386
1385903961819910150
1385903939011317763
1385903774745563139
1385903628582486016
1385903602850426880
1385903529257099264
1385903511766847490
1385903486332665857
1385903438874091529
1385903433731821569
1385903404719906819
1385903386130669568
1385903257193644033
1385903217041498124
1385903168748281858
1385903140189442049
1385903121948299267
1385903066684166144
1385902872307458050
1385902832453365761
1385902810269585410
1385902763893161986
1385902654673485826
1385902646263902209
1385902586776018946
1385902554672877575
1385902551338418183
1385902545709592576
1385902495654764551
1385902479565484032
1385902451404861442
1385902303568302082
1385902286413582336
1385902243937882113
1385902164187303936
1385902145656872961
1385902138958618625
1385902127239733249
1385902030137401347
1385901964345548805
1385901936906444802
1385901862621089792
1385901841574105092
1385901785928200195
1385901779594874883
1385901651970596868
1385901529899495424
1385901482612903939
1385901416770793473
1385901404452233220
1385901242841370627
1385901235983716352
1385901161731944450
1385901008438521862
1385900911986298883
1385900824841265158
1385900809754267650
1385900608616419328
1385900552937111553
1385900412436291584
1385900311378677760
1385900304604884998
1385900190758891521
1385900163168751619
1385900146014056453
1385899814328541190
1385899773459275777
1385899688759599104
1385899561512706049
1385899555917492226
1385899530135040001
1385899405778239489
1385899370483044355
1385899350233124867
1385899320117972995
1385899231018291205
1385899147572568064
1385899088948850693
1385898984674189318
1385898788917714948
1385898520784162818
1385898491679952900
1385898412453752832
1385898412088856578
1385898086707339265
1385897993417609219
1385897928204558343
1385897784235085826
1385897423160037377
1385897330403016705
1385897235037134851
1385897175142436870
1385897171334041605
1385897129109987330
1385897119064621060
1385897072054784000
1385896861576347650
1385896658928508930
1385896583070314500
1385896543551512576
1385896343223169026
1385896338559283201
1385896311635931145
1385896308079140868
1385896284465156098
1385896271811006467
1385896039010377729
1385895678170198018
1385895670817583110
1385895583689310210
1385895575145500675
1385895405913735168
1385895316910612480
1385894590578774021
1385894582076858370
1385894442033287172
1385894436664610816
1385894322474651653
1385894202437890052
1385894184230350862
1385894108217044995
1385894023139708933
1385893983612669955
1385893921310478341
1385893708046880769
1385893588437921794
1385893429305954306
1385893404203180033
1385893178339856386
1385893150619693061
1385893091987443714
1385893088699117570
1385893080457379846
1385893050388340737
1385893046999392261
1385892987314466819
1385892799338270721
1385892689539862528
1385892522866593793
1385892362061238272
1385891939833180162
1385891728234717187
1385891699445010433
1385891572219219969
1385891482532417541
1385891420343390209
1385891400038764550
1385891394661720066
1385891107939119110
1385890957820788736
1385890730539819009
1385890666702508041
1385890657542176769
1385890606614859779
1385890530597371904
1385890250069659649
1385890222290849794
1385890180481966080
1385890082498899970
1385889958913744896
1385889946980929536
1385889920187699201
1385889804458487809
1385889797630087169
1385889794249555971
1385889562702974986
1385889554335518722
1385889520999038977
1385889460441604098
1385889424685240327
1385889328686063616
1385889181616939013
1385889151363346434
1385889121302839296
1385889006743810051
1385888981259153409
1385888914951520258
1385888837063254019
1385888796399468544
1385888747988742145
1385888513309085696
1385888414248095749
1385888351304126464
1385888346975596548
1385888337689382916
1385888337156665349
1385888323563003907
1385888051545526277
1385887974177468422
1385887932116979715
1385887900215046145
1385887791783940101
1385887747114606595
1385887596736180231
1385887528314490880
1385887524715831298
1385887461595762690
1385887350060769283
1385887349414842374
1385887224093319171
1385887030484213760
1385887016164880387
1385886990684536833
1385886979796074498
1385886977203924993
1385886908409016321
1385886863718719494
1385886742339719168
1385886640124547072
1385886379024871424
1385886246279344135
1385886021527605248
1385885985502728194
1385885803155390465
1385885793852424194
1385885717843255296
1385885689087074307
1385885676311175175
1385885605620371458
1385885571290177536
1385885539522420737
1385885488947482624
1385885459620925440
1385885250266353665
1385885207501303812
1385885186412347394
1385885079369437184
1385885037292400641
1385884954609946624
1385884934087221257
1385884835382657025
1385884817942736899
1385884750024347650
1385884711835246595
1385884711457787904
1385884640104239113
1385884611427725312
1385884605270667267
1385884558940426241
1385884429818626059
1385884379965100033
1385884360931373059
1385884344493830148
1385884333991362566
1385884309781848065
1385884259865427970
1385884250356871171
1385884223622369286
1385884200604110849
1385884171659141126
1385884141988757507
1385884133818208262
1385884091430543360
1385884091132694530
1385884073738981380
1385884053463699459
1385884038007648258
1385884032047583234
1385884027656163328
1385884027500912644
1385884021645709315
1385884011260637184
1385883982974226432
1385883878770937857
1385883810034642945
1385883784579411968
1385883779714093062
1385883710512254976
1385883699292499971
1385883694183849986
1385883640123457543
1385883539858550784
1385883240276258822
1385882834909372416
1385882511578828800
1385882450652508160
1385882431027249157
1385882429391446017
1385882420071735296
1385882374307663877
1385881689633685504
1385881445676187654
1385881435916042241
1385881139244527618
1385880747593113600
1385880137309122562
1385879247961550849
1385879231805026306
1385878821782515716
1385878657453805572
1385878557914767365
1385878509046812673
1385878012655063041
1385877376022695937
1385877311820472320
1385876558548594689
1385876370962534400
1385876361164713989
1385876262913146880
1385876254897758212
1385875861920829448
1385875668261429251
1385875511176536069
1385874662773518338
1385874254026010624
1385873964493197317
1385873822901886979
1385873430352830464
1385873416683548674
1385873275482361857
1385873236735324164
1385872875521941504
1385872799860887552
1385872338571317266
1385872299828551681
1385872211832049664
1385871821820489732
1385871649191440384
1385871608909234178
1385871351345389568
1385871232252350464
1385871102757326854
1385870895785250817
1385870634949906439
1385870550346526720
1385870024213110786
1385870019578372097
1385869904486621187
1385869881258635265
1385869518384234497
1385869292567101443
1385869082923212804
1385868850793631745
1385868803901300736
1385868571725635588
1385868568428892161
1385868256850767874
1385868052927975428
1385867569932902405
1385867213974818819
1385866488586723329
1385866350128635908
1385866228263120898
1385866124773007361
1385866038030397440
1385866033097936896
1385865942664572929
1385865923538558977
1385865652896862210
1385865453025648644
1385865366014873603
1385864769979117571
1385864185360175105
1385863924189335555
1385863853888528385
1385863590956003328
1385862819392888833
1385862740200157192
1385862643039096833
1385862364180873219
1385862355033104386
1385862330831937541
1385862179967049733
1385862167468158976
1385862116213608448
1385861955378835456
1385861945614422016
1385861849791434759
1385861798448959489
1385861457548439554
1385861253822828547
1385860754872569860
1385860528480817152
1385860248603283458
1385860023486586882
1385859933669793796
1385859902464159744
1385859881526128645
1385859734570356736
1385858838138474498
1385858594814398472
1385858108442877955
1385858003925028866
1385856849812013060
1385856666206277632
1385856559633223680
1385856388052647938
1385856082661175297
1385856077984501762
1385855897109336067
1385855668465270787
1385855446146326528
1385855097138159622
1385855053693538306
1385855038770192392
1385854573504458763
1385854526649864192
1385854209661104131
1385854114295209987
1385854086055088131
1385853967452676098
1385853885202370560
1385853800838172673
1385853267389779973
1385852922970263558
1385852836232138754
1385852125972811776
1385851995441950723
1385851985497235460
1385851869210107908
1385851858133032963
1385851579052396546
1385851515521232900
1385851441152098309
1385851336806191105
1385851173538656257
1385850932836012037
1385850300808908800
1385850088916865024
1385849429857431552
1385849328254681094
1385849302442930177
1385849209249669120
1385848634734825473
1385848347626463237
1385848274934898689
1385847794657759233
1385847421599502337
1385847228015681537
1385846907281448967
1385846669170806789
1385846482884960257
1385846383542824960
1385846119620517890
1385845964548628483
1385845752480501764
1385845661493391362
1385845540991111168
1385845481771872258
1385844748792045570
1385844213456113665
1385844212772581378
1385844126051041282
1385844121269465093
1385844109928108034
1385843822559596548
1385843678841905156
1385843513481379841
1385843118994427908
1385843001260482561
1385842891033964547
1385842798310531072
1385842382730448899
1385842288228651011
1385842236190085122
1385841900574314505
1385841842181218308
1385841743845810176
1385841565860384772
1385841285945200640
1385841171339956227
1385841136544231425
1385840971124936704
1385840956470030337
1385840584808665088
1385840085816397826
1385839834011340804
1385839721666859011
1385839044878225408
1385838937969618947
1385838792402104326
1385837803242545154
1385837369421537280
1385837213762560002
1385837046137192449
1385836827865661440
1385836753156591619
1385836482850553858
1385836456761909251
1385836349542920194
1385836069736697858
1385835743906463744
1385835656367198209
1385835021517213697
1385834809210007555
1385834569094602755
1385834542720720897
1385834396213645313
1385834309806739456
1385834288441184257
1385834269818245121
1385834114327015424
1385833904934842369
1385833803113893890
1385832646966583298
1385832469157531651
1385832428267180034
1385832184108371971
1385832128059904001
1385832016956956673
1385831667902779395
1385831533857046528
1385830741938896899
1385830558517940225
1385829747314155520
1385829592120762371
1385829475976302601
1385829471555567616
1385829320078155778
1385829012631539716
1385828994801496068
1385828984206684162
1385828805881733120
1385828779055009793
1385828449495834628
1385827897684807681
1385827852692590594
1385826466894467076
1385825850331852805
1385825339817959426
1385824918734921731
1385824717601316865
1385824360397565953
1385824210308587523
1385823904371855360
1385823535751319554
1385822501280702471
1385822320661463045
1385821954888798209
1385821526977507329
1385820663592620032
1385820491261255680
1385820450115276805
1385820256686395396
1385820071054938113
1385819940062597125
1385819835741786114
1385819427388551170
1385819289781944321
1385819014316761090
1385818933543018502
1385818765468700672
1385818226605449217
1385817553990127616
1385816927289806848
1385816493389058050
1385816491648380930
1385816264862404608
1385816262295519233
1385815853447344134
1385815602363650050
1385815549939109892
1385815450412490756
1385815405210439682
1385815343772278786
1385815060509904898
1385814668690829313
1385814529414602755
1385814489866457088
1385814030141427712
1385813869977759746
1385813559444054017
1385813503827664897
1385813314299564036
1385812686353567746
1385812328877158407
1385812316738899969
1385812303417909250
1385811602767814656
1385811570433794050
1385811507607347201
1385811445112135682
1385811408881786882
1385811127708258304
1385810876893208582
1385810702732988418
1385810492275318785
1385810314705260545
1385810210766299137
1385810082923909121
1385810012539215873
1385809577900343300
1385809314493829122
1385809286408785923
1385808922041151488
1385808759910371328
1385808513394429953
1385808508184973313
1385808251036442626
1385808246783447040
1385808185743740928
1385807799364509702
1385807471139180546
1385807390260416513
1385807229052284934
1385807226141503488
1385807011980275716
1385807006502588416
1385806719385694209
1385806715875041280
1385806297572859906
1385806194489511942
1385806167184580612
1385806122502692868
1385805763776442370
1385805761842880521
1385805740376354819
1385805706431848449
1385805660688842753
1385805554904276993
1385805535216164868
1385804956540841986
1385804656811470848
1385804229122482176
1385804013350756355
1385803957189050368
1385803929263370242
1385803911756320772
1385803866814382085
1385803734991605761
1385803663675838474
1385803651445231617
1385803547707469824
1385803325170282497
1385803210636496896
1385803160552235008
1385803084832509955
1385803084052406287
1385802718745223171
1385802162903547911
1385802039402266625
1385801826558046210
1385800615498969090
1385800609933058051
1385800429074714626
1385800227181924355
1385800050505224199
1385799940195045381
1385799510979403777
1385798784702042113
1385798781547909126
1385798708801925123
1385798469768466433
1385797873967591426
1385797262811480068
1385796951174569990
1385796881364750336
1385796630725627906
1385796596156157955
1385796582365306882
1385796517575860225
1385796312247926790
1385796280975200258
1385796200612302851
1385796129678249986
1385795818465030145
1385795554827853825
1385795535194390535
1385795508275384321
1385795397067567110
1385794996138168321
1385794665367031813
1385794395291602944
1385793850363375618
1385793782411448322
1385793769623023618
1385793482074165250
1385793452772712449
1385793122756489222
1385792434756485123
1385792236370108416
1385791426135351300
1385791330605887489
1385791074346708993
1385790319116132358
1385790281778294789
1385790131374747648
1385789998394265600
1385789895742943232
1385789559150051328
1385789338160488449
1385789092030423040
1385787950026301440
1385787820703313926
1385787506923212804
1385787328929566720
1385786717840363521
1385786364864581635
1385786298468900865
1385785538075004933
1385785188546871296
1385784979343364098
1385784069586264064
1385783934219284482
1385782870527021059
1385782848603533319
1385782786053730307
1385782761131102211
1385782601684713476
1385782497267564545
1385781960128167936
1385781747846049797
1385781461618360324
1385781445994504196
1385780702948466695
1385780307509407756
1385779589679509510
1385779517122174978
1385779463976210438
1385779143074222083
1385779012220325889
1385777834048716802
1385777769791983617
1385777733641248771
1385777664124854274
1385777420154806274
1385777063328505858
1385776825415045121
1385776783786610690
1385776742606917633
1385776738911723523
1385776672436228098
1385776635266277382
1385776523496415232
1385776061451948032
1385775917092401153
1385775585968857093
1385774668607414278
1385774339266469888
1385774170995265537
1385774028082737153
1385773922331680771
1385773412203732995
1385773288866021384
1385772566766178307
1385772457156435973
1385772346804379649
1385772190763737090
1385772134627110912
1385772026443538435
1385771959032549381
1385771859380109313
1385771461365813250
1385769871577808902
1385769737527848962
1385768392452235266
1385768183605305346
1385767950234312707
1385766457137631239
1385766008447672320
1385764827512020994
1385764468198547457
1385764081529810945
1385763934192300035
1385763874129866760
1385763241721171972
1385763187379761152
1385762940695957508
1385762120608882690
1385761844678123527
1385761549885661185
1385761055683620867
1385760905934241793
1385760683090792449
1385760589335519234
1385760432837648386
1385759990254759937
1385759814270087169
1385759743545729024
1385759701460262919
1385757771036078081
1385757620913405952
1385757555058569219
1385757048554496000
1385756280636145667
1385756170225262592
1385755907607330818
1385755019681570817
1385754404914012167
1385754223170654209
1385754205424660484
1385753783741960195
1385753630846947328
1385753313606471680
1385752830640746497
1385752765125652480
1385752441631612929
1385752093470773251
1385750246819393538
1385748930206441472
1385748693115031553
1385748309906661378
1385747636146163715
1385746148569214978
1385744953037492226
1385744259538513923
1385744119021010945
1385743949755686912
1385743567092518914
1385742890861699074
1385742667577888769
1385742606261313539
1385742221920686080
1385741111373746177
1385740415370874881
1385739977535881218
1385739383555301380
1385739325707415553
1385738267253886979
1385737347652734978
1385737340761481217
1385736954323431424
1385736657454784518
1385735600507002880
1385734220836851718
1385733250073563137
1385733099007266820
1385732246259204096
1385731195783221250
1385731186727690251
1385731075268247553
1385731024064221185
1385730456696414211
1385730015262773249
1385729980684926976
1385729144458149889
1385728379505233922
1385728375017414671
1385727847659020290
1385727010710847491
1385725285748838400
1385724263663996928
1385723937280061442
1385723247258488842
1385721835984023552
1385720712690761732
1385720709008150528
1385719323092676608
1385718595280199680
1385718194585755649
1385717277677563905
1385716341445910531
1385715135285645312
1385711425188884481
1385710804599590916
1385708575079768069
1385707765645996034
1385704808812736514
1385704146192404481
1385704026839289856
1385702564734201857
1385701762422640646
1385701337644548098
1385700491313643523
1385700459827060744
1385700403359195137
1385700156385808386
1385700021430112256
1385699702012850181
1385698711687204865
1385697901242818563
1385697728299036672
1385697670983946240
1385696399459639297
1385696047159144448
1385695718065590273
1385695317958537216
1385694558147674112
1385693998136786945
1385693597006131200
1385692344087810048
1385692342733217800
1385691982345895941
1385691624995360770
1385690895173898241
1385690445016039424
1385690172881215489
1385689822203834368
1385689796572372992
1385689635251228674
1385689341716955138
1385689055418101761
1385688856255549440
1385688319225327619
