1385490135928639489
1385488063363620865
1385471934876381188
1385471882405629953
1385180607823499268
1385180487883268096
1384843439439851520
1384823403727622147
1384771240133480449
1384760487930306561
1384532941607342088
1384525363720556546
1384462827893641220
1384398986568638465
1384397173949812737
1384185555852828681
1384141820481794050
1384100218338103297
1384052157465317376
1384051690874146820
1384019134753607687
1383742554907168780
1383680733227540481
1383672814297747467
1383356793636540417
1383317802161905664
1383096408396361730
1382730116053176322
1382707753207148561
1382687677791793159
1382671351480127488
1382638800514387969
1382630075858710533
1382611867076501506
1382611492726468613
1382611315139637250
1382609633169141770
1382609505838460928
1382606682170159107
1382564030447976450
1382561968737841152
1382340654114611211
1382260388473970689
1382253672290144256
1382185857646350336
1381889088186318849
1381542294461931523
1381530722968563712
1381521960463593474
1381510338357592067
1381484174280810498
1381302635488112640
1381291577193103362
1381291213144219653
1381285128324833283
1381236435685146625
1380753673408507905
1380742778620059649
1380693779259219968
1380507896220291074
1380397454055510018
1380397130334883845
1379866507031715840
1379812757646675969
1379812498451296261
1379609283076059139
1379460981957427201
1379406927206092801
1378937281965289472
1378172088763117568
1377284106124283906
1377283688392613889
1377282462284312579
1377281551449214983
1377178312812847107
1377177946381709317
1376697561935794176
1376527736903139329
1376462956397912070
1376431503555457028
1376194062118576128
1376172968485642244
1376162303377215495
1376133565570633730
1376054596573925378
1375872589768183809
1375871939579834368
1375858604109037569
1375426820170911744
1375076737634029571
1374972901120561158
1374630401788964868
1374627435359084544
1374625190953373696
1374321079708123138
1374307583742287875
1374301422657835011
1374208046755241988
1374033004008382471
1373870201112961029
1373636833880330243
1373188050839162880
1373184411307446280
1372935847205511169
1372935481885827076
1372791632932737029
1372150140765544448
1372148548364509185
1372124123787272205
1372099419068276738
1372096366739001345
1372068656004337666
1372061121419608064
1371899046869098496
1371826343348858884
1371745471509585924
1371526187470614531
1371521057543315457
1371507883435696129
1371474092121935872
1371449914308263939
1371430374560067586
1371330764168568839
1371324976087896067
1371153422506987529
1371122421621792775
1370805292103962624
1370700905947926528
1370700872691318785
1370441683779817472
1370332711794077697
1370303679924903937
1370300123993939970
1370275541966721024
1370040660523282433
1369859478653308929
1369703280603844615
1369693398861410306
1369667562548695043
1369657347274989568
1369586006601560065
1369573199508242433
1369563335876734980
1369553891889610753
1369552478778187780
1369490826372419587
1369366819518169101
1369309154452635650
1369208343483445250
1369201493992075271
1369201243147689986
1368809992111882240
1368785924700598272
1368785708178055168
1368772729025916931
1368584923544653825
1368579168091312128
1368531148192718853
1368504104427778050
1368462953691766787
1368435967388831744
1368279674959241217
1368279611688112131
1368279578729279488
1368257794374127619
1368257440488202240
1368252220198719488
1368247105408561153
1368198902877286409
1367873339650306054
1367826346986987523
1367788954863333376
1367734604170334208
1367733403433324546
1367731439215595524
1367710777872769026
1367705577472729090
1367704824398061570
1367318112043823104
1367157692851048450
1367085370832080896
1367070728395235330
1367063605686935554
1367054486649245700
1367040932143525888
1367030376405688322
1366992317937192961
1366969997906481152
1366965188985950211
1366965025781415938
1366965007871709186
1366964959033266177
1366964931787038723
1366964909997658115
1366964874698321923
1366964843266203650
1366964801570631686
1366964722684153859
1366964556543655940
1366956970008219648
1366350394415214592
1366045768453287936
1365837590805442568
1365722418262794244
1365691974120968196
1365673526401769476
1365671459264155662
1365540340740939777
1364863628021624832
1364855296753950725
1364842588285505538
1364626691935494144
1364603168517070849
1364259327922499586
1364250805188980736
1364249757531598851
1364123794151903235
1363767072296079361
1363757366991147011
1363391745287888896
1363305999512211462
1363232919116861440
1363231976434536450
1363138711827832841
1363133503148150786
1362903092451184641
1362783073327190023
1362715490154467329
1362652276196732934
1362334588937199618
1362314738206527488
1362294856916164610
1362287416631992322
1362234071644971009
1362065098886406150
1361868829194821633
1361703614218072074
1361686753199886336
1361685853987213318
1361383965844668422
1361382856627392512
1361316477345832973
1361312610101039104
1361212567826231298
1361129952272293889
1361129661208563714
1360935601353056257
1360851915827896320
1360843911892144128
1360523537107329026
1360523104313835523
1360420067628879882
1360290639737462787
1360153458771255297
1360153409588895744
1360151527785046023
1360125182443024385
1360092108145582081
1359931450171133955
1359908032503717890
1359907819298951168
1359905197502263302
1359749980144037898
1359749916147421186
1359749864226082818
1359749781325717504
1359749588995825665
1359503722481549318
1359477039347105794
1359476862875881481
1359452490115084290
1359371672424337408
1359169468493156361
1359163387423391745
1359067327862501382
1359066912039211010
1359059890262581251
1358988411063791623
1358988391132454912
1358987174692016131
1358986492190756864
1358822691378135044
1358719618563514373
1358647292849344512
1358455665254088707
1358335920970158081
1358080319866327043
1358077664737677323
1357968656752254978
1357928518051454983
1357927298511503360
1357916177905852416
1357682674735796226
1357555148755640322
1357547073437011974
1357546715167879169
1357373799050584065
1357262605631459328
1357255007066750978
1357254667063889920
1357222084514992128
1357195815672897537
1357115251074887681
1356984865921540099
1356921652680949762
1356911611278094336
1356910983025807360
1356777296946810881
1356634115370582022
1356603227463061504
1356219949883133955
1356209480149594114
1356205703615049736
1356200233403727872
1356197946769899523
1356186730383069185
1356186241939607552
1356183132152598535
1356177476372684804
1356176137299218432
1356175860068274176
1356175549710749700
1356174312307191808
1356167909555355648
1356167628662824960
1356160790949056520
1356160066567561220
1356159458540306433
1356159283696570368
1356157637264437251
1356157500496650240
1356157085990326275
1356156827558244352
1356156256185028615
1356154841362386945
1355935651363872775
1355919156546326532
1355845398397558786
1355122771722784768
1355079291264884737
1354839921043927044
1354665114012512267
1354471836839333891
1354037575887974402
1354037130201194498
1353965092375695360
1353765288680976385
1353748923085590529
1353679136166793216
1353622838704443394
1353565225799315456
1353405533802225664
1353271204191199232
1353257335746031616
1352939446165925888
1352836419035619333
1352558084300763137
1352556778207076353
1352552340608356353
1352551144736755714
1352292032367116290
1351938139296727042
1351938117784145920
1351938103032745985
1351938096837738497
1351938068249362432
1351938052235542531
1351601898504089601
1351600168466956288
1351523486909362177
1351509128213008384
1351216405304266753
1350826981047234561
1350820637258838016
1350724246331293697
1350724093880934401
1350723868093079559
1350479886322843661
1350009051883573250
1349783071164309505
1349782233050091521
1349619186255818760
1349423723489632258
1349340332442279937
1349058319722409985
1349054334693212160
1348678141334614018
1348674918745923592
1348482931212185600
1348160812385325058
1347964190921613312
1347953084052303874
1347603395272609793
1347574877536980992
1347574328326410242
1347556934438637568
1347189082108030977
1347095355972755457
1346879028985098240
1346447078499577856
1346153380016603136
1346146481313468416
1346117485666320385
1346112884409917441
1346111041386602499
1346110735269576705
1345768046552514560
1345653243423068162
1345644053975601152
1345610562307297281
1345609279231897600
1345305546170232832
1344984925246607366
1344735221401276416
1344735189453262848
1344664740551741444
1344660652057530368
1344646523418603520
1344607447550287873
1344273874456727552
1344270288058372098
1344234264343191553
1344222912476135424
1343977847656857606
1343919846103408641
1343826597413994497
1343822690730176515
1343087279342927872
1342867993806553093
1342867863053369345
1342812969797869568
1342809988012634114
1342753773135917057
1342540896307331072
1342305774874230784
1342302986165395456
1342301908849987584
1341978255314731013
1341957954669404160
1341765930087419904
1341737085066088448
1341384808774045701
1341384198137860096
1341288815135055875
1341224915660259333
1341224132453617665
1341221385763340289
1341010888543797249
1340914180535140353
1340709688527245314
1340601342071488512
1340600923211452416
1340333514227519488
1340267897306767360
1339619372105490433
1339576108740558849
1339544694422847490
1339537149264232448
1339518156247744513
1339239936742985728
1338820198946668544
1338678450651975680
1338513465900552192
1338511946669203461
1338510998865543168
1338486041372585985
1338326454514319365
1338325490956812288
1338056464288546816
1337983383075352576
1337981434762391553
1337729278583078915
1337710333146746882
1337654604310355969
1337647673420075010
1337274404829417473
1337234424958619650
1337018042056765440
1337012982778273794
1337009697048514568
1336975635353280513
1336955097490759681
1336921507839152130
1335975289361457154
1335963806506217475
1335902482992517123
1335623174914932736
1335577397731549190
1334834181088559105
1334739878978850817
1334560120794042370
1334538569340215297
1334406629186396160
1334389902641750017
1334382563566096388
1334367303178145795
1334120187533029380
1334032854683066373
1333827152404307973
1333822933844729856
1333462550864793602
1333404813694963714
1333373117272506369
1333351105334444032
1332717616004120576
1332716743249149952
1332716185058639873
1332637793688817664
1332589949007261696
1332432366308970496
1332387539269816320
1332303586093514754
1332266713409175553
1332032150217105410
1331863761162887168
1331858118339227649
1331763199318794241
1331579940421070851
1331571121745924103
1331546449650171904
1331545239991975937
1331483983805247491
1331451409514995714
1331309306436698112
1331269911386021888
1331229976012603392
1331132094689415169
1330923487725121537
1330922653859758080
1330922159519068160
1330920558859485184
1330804935030501376
1330486741497651201
1330468587425959936
1330195858453827584
1330176689100484612
1330165080026214400
1330117887005257730
1330038810764304387
1330031349743443972
1330031336086704130
1329969655138504704
1329805971347030018
1329805052442099713
1329804555840671749
1329785601269198848
1329785194379808770
1329758617717727232
1329662710406021120
1329488711562608640
1329487124756795392
1329485753827553280
1329419592712683521
1329418908210630662
1329283187067871234
1329054421594980354
1328964015155015686
1328894255109087232
1328892744127811585
1328891172866068482
1328631722309677057
1328310710019911682
1328309082332172288
1328296033760145408
1328262176297996288
1328222644882132992
1328029109205680128
1327950273751306240
1327867579226939392
1327863756680876034
1327819014010138624
1327818307592863744
1327644249995677698
1327643707135250433
1327643125989343235
1327638794284146694
1327629868293492736
1327623093007749123
1327615637921755136
1327605157291429888
1327604785197924352
1327552128097738753
1327477233968050178
1327400521490001922
1327278781661253632
1327263692996497408
1327258293945786368
1327142152460177412
1327120090412814338
1327116606321942533
1327114447958077440
1327113551664750592
1326944140068679680
1326765432251019267
1326764813725429762
1326750486893002754
1326602408005263360
1326595710477766658
1326585788386013184
1326583885132521472
1326582398004256768
1326581395045580801
1326526756900151296
1326454434646257665
1326432717005676547
1326431677577535489
1326419494642847748
1326413033342705672
1326412460270686209
1326210876299374594
1326192254889852929
1326091841280729088
1326059065546403841
1325706286613188608
1325651534957277185
1325474979719204865
1325309941133946882
1325129031830790145
1325085084798517248
1325003378728972289
1324654676566892545
1324592700344074240
1324323422994792451
1324319680819916800
1324235514128429056
1324058402520092672
1323947750136840192
1323677495657312256
1323675347359952896
1323492230724640768
1323468019675230209
1323294856358227968
1323253867144900609
1323253113302646784
1323244131091537921
1323170742029099009
1322909478610595840
1322849306609512449
1322593965154148357
1322593376500371456
1322546957152256001
1322486773239308288
1322463366657400832
1322204405949607936
1322202436186955777
1322051922677755904
1322032178826407937
1322030318346399751
1321697006264279040
1321413048561627136
1321370004495851522
1321328519645835264
1321045965709533184
1320996710282190848
1320772483083988993
1320771673436475392
1320770784004980736
1320770535375032320
1320600941020631040
1320597272049053696
1320596685878300672
1320323944226770947
1320323891189874688
1320008643362709507
1319841285256081408
1319841262275473408
1319699077710319617
1319690454099587072
1319586116643606528
1319585256618422272
1319493555539210240
1319231298855038976
1319227971702456320
1319204676420595712
1319204054505930755
1319202547454758912
1319189152143863808
1319181490911989761
1318899518620930048
1318822282580553728
1318797080391938048
1318757357548007424
1318745196150943745
1318560720515067904
1318559713664126976
1318557717313761286
1318555521654394880
1318552376987570183
1318551503355977729
1318551084856725504
1318549849533517827
1318549112690794500
1318547472713736193
1318541970604806146
1318537960501833728
1318534661522427907
1318532374817206272
1318531917684244481
1318203968942608387
1318142547819065344
1317653845267292162
1317341892992888833
1316780354116571137
1316689861206634497
1316022795222966272
1314927267538034689
1314879324554579968
1314534636463112195
1314527365209358336
1314471976962940928
1314471946415820800
1314471874227777536
1314471819101970432
1313785238049353729
1313102273480777729
1313054231146885120
1312245986404700160
1312245372014620673
1311975783972265985
1311720682284150784
1311686881357123596
1311574672664715264
1310880621758091265
1310828680302583808
1310049043918200832
1309184983198609409
1308733456327651328
1308468637699772416
1308287475823960065
1308287436233953281
1308284029611905024
1306837293659860992
1306836983633776647
1306220550939766784
1306196584485384193
1306033270455300096
1305854898337054721
1305152237040091137
1305081115342852100
1305046810797334529
1305044631084646400
1305044260828241920
1304814713658720258
1304814703680471040
1304455756230488064
1304451151689994240
1304317609932763137
1304263729996083201
1304080963618496513
1303947827970625536
1303947771943116800
1303947719178743808
1303947698354053120
1303947680545034243
1303881064679571456
1303880864401481728
1303304164114489347
1302126135984099329
1301770870113746946
1301766904067977217
1301755819814395904
1301560238626144261
1298940422979325952
1297823015460167680
1297800260371091456
1296422085338832896
1296422018255028224
1296422000882327554
1296421976400068619
1296421941222486016
1296421922687856644
1296419411113521152
1296021934929399809
1296019538304065537
1296016923847561216
1294651199371714560
1294564489380024320
1294210130326589443
1294149897902415872
1293783216512307200
1293448869217361921
1293173901137068032
1293135620567531526
1292007032694771712
1291986389563654144
1291688367093030913
1291286515243311105
1290650262936457216
1290222264957325312
1289615268373606401
1288836138048745472
1288456670482374656
1288115815208718347
1288105414198849537
1287064760303804417
1286604162092814336
1286215230473646080
1285973866565627904
1285970613622865920
1285970453119381505
1285571352057929728
1284839429836640259
1284081106485051399
1284075957817503744
1284019121961590785
1284014040767819776
1284013614244827137
1284013211621023744
1283469898539167744
1282962199112105986
1282652464827645955
1282576347194253317
1282562602380357632
1282555375137378312
1282181460665831426
1281830539142459393
1281819007633387520
1281459120608952320
1280771074439839744
1280455429537984512
1280393646374711296
1280178457188548612
1279728602964164614
1279664625802293248
1279663953606348801
1279663912326062080
1279631125963436033
1279261022654619648
1279105402366377984
1279105316450263040
1278967806822760448
1277990843572338689
1277907007870136321
1277905502681231361
1277905211978219520
1277905039047004161
1277903753413156864
1277903462517272577
1277903094613807105
1277902354751209472
1277902044477550594
1277879670516535301
1277589637981077505
1277573761236008960
1277530188721479680
1277142677620834304
1277142554555777025
1277142455607980033
1276365676651806720
1276095146342223872
1276028993129472009
1275703846598250497
1274597152090660866
1274212760755113984
1273879108997443584
1273657862707834885
1273646808514904065
1273257164283326464
1273233780476571654
1273224921628307457
1273188595113713664
1271735740506927104
1271642357587271681
1271453866299584516
1271359733782347777
1271359730888265728
1271069283989155840
1271033945363058688
1271006080844193793
1270680495026630656
1270678237853577219
1270677753730220033
1270400392938106881
1270398052642234369
1270397594674630657
1270397156285874178
1270365814932115456
1270365474207875073
1270365241746980864
1270364625687609344
1270363126764986368
1270236431672242177
1270236207704756224
1270235556748775425
1270234159479312385
1270231044189384704
1269964461751668736
1269140607844225030
1267773289616850944
1267770388412616706
1267421202710056960
1267419819235655680
1267327552936267783
1267070233191333893
1264834832229560321
1264052671318601728
1263701732212670465
1263319399013875712
1263103529029267459
1263010801763270656
1262802141992947714
1262760262160900101
1262693617669419013
1262374610097647617
1262020929389039616
1259846244362522629
1259804565689430017
1259752272646434816
1258820624010473473
1258621352866504704
1258621311871365121
1258621265465634817
1257672745543925762
1256627512366583808
1256627088834146305
1256598864569589765
1256527514341642241
1256248614172585985
1255791303339790339
1255482939531460614
1255017014613049344
1254813408169472001
1254346719074148352
1254023687428177920
1253645978294300672
1253291827618181121
1252632687644340224
1252632227273248772
1252181435508654081
1251054351944019968
1251001644503851008
1249689960581607424
1249679447067770880
1249201093734785032
1248964433730105344
1248866642274029569
1248466313699135489
1245310990893240322
1245303531042553857
1245028724048891904
1245027013007757312
1245026580298182664
1244861707744247808
1244299059310944257
1243750813907869696
1243592817630425091
1243577980137295873
1243544757588103168
1243456366267617280
1243110911511953414
1242764515197902848
1241697204701671425
1241603291244421121
1240942561499516928
1240835965821816832
1240206805101359104
1239214141635735556
1237303217542684672
1237303159929749505
1237254606930862080
1235817363989073920
1234495832126361601
1234187719984599040
1234166631074390016
1234158342806724608
1234156268194914304
1234155995057704960
1234128031070834691
1233414032910176257
1232695584785563649
1232612032857272320
1232346662984544257
1232314368366264325
1232206080811229186
1230908053089701888
1230906289481371648
1226089465921208321
1225949913797644288
1224542618442289155
1221014066900025344
1220337293728157697
1218560800773689347
1218099800714776576
1217456375535755264
1217403095220539392
1217396053168680960
1207306413313269761
1198992537228173312
1198979045917986817
1196322248484773889
1193181263512788993
1189153603530850305
1188800215542710272
1188104221704343552
1187693497526054912
1187354015333416960
1186673091314733056
1186611179822542849
1186486141555335169
1186295035202899969
1186294969071366144
1186294711096496128
1186293928632340481
1185464047258390528
1185195396961726465
1185194809503301632
1184830875965411328
1182861070848778240
1182709083989630976
1182328223364894720
1182323554789912576
1182240972832292865
1181132668244647936
1179245501948076032
1178915876138938368
1178385181394104320
1178340347664949248
1176175799721852928
1176175146060529665
1176156410180190208
1175337291427921921
1173979295930179585
1173626270275518465
1169149782885130241
1169094279244861440
1168770992623108097
1168764431473360896
1168764272454688768
1168558009540198400
1168222858914365440
1167997670595579905
1167790368252809216
1167676773376634884
1167486684373536768
1167367977877950464
1167105217046839296
1167030887093084166
1166967964995686400
1166675729322430464
1166671192591228929
1166397629707603968
1165821490534572033
1165689049694081024
1165521337990823936
1165519785188192256
1165462690497646592
1165117172131086337
1164808541737115648
1164479567374852096
1164479001722675200
1164417564174213120
1164396635285151744
1164072073393631232
1164071051434717184
1164070658009026560
1163117529415520256
1162735157100466176
1161992418356449281
1161893975650897920
1161864554273337344
1161837532113334273
1161681786759499776
1161662775279489027
1161648992670769152
1161633222926561280
1161319734031388672
1161190418253352960
1160773259698159617
1160558797758377985
1160557143298334721
1160555744623771648
1160182886957551618
1160098800825819137
1160046434202206208
1159701343684087809
1159474808444243968
1159326306909114368
1159325337928339456
1159323451758239746
1159017773596475392
1158755420971905024
1158457331958476801
1158396317309124608
1158070407120990209
1157857050879234048
1157313115823865858
1157312964208279559
1157293679347822592
1155322182773309443
1154957739992338433
1154670433976717317
1154618718347059200
1154393525238108160
1154392187888533509
1153528024161234944
1153515232851091456
1153514270031847424
1153241756579745798
1152922290654289920
1152922185620570112
1152922139843973120
1152432879164674049
1152171294458167297
1150072800427692032
1149360755197632512
1149194625405427713
1149161213160353792
1148991392594550785
1148862735561527298
1148860292001964034
1148522611086770180
1148083259558862848
1147922045209997313
1147350459360804865
1147349822392979457
1147053702915559424
1147051640987406337
1144810064579923968
1144614494896709632
1144613902501609472
1144613452800901120
1144192508403937281
1143880748904005633
1143732264284459009
1143542474607976449
1143205189848977408
1143184639512600577
1143180778047541249
1142377972927619072
1141912165412028423
1141724557969154048
1141724006292348929
1140980054492475392
1140833922768494592
1140323416798420992
1140224424076906496
1139907562944360449
1139820227447816192
1136130595677851648
1135762716503580672
1135076276769738753
1132679024197505025
1132678645997170688
1130884853191151616
1129957345306468352
1127557207434747904
1127548549229494273
1127473232276115456
1122356511257137153
1121092448678182913
1121090673451720705
1121051515097976837
1119989237787627520
1119892820230397952
1117706254695194624
1117427087290372103
1116697282018041856
1116243825847148544
1116242513566818304
1112222180895531009
1109313950410309635
1108559508182306818
1108240358729756672
1108239530937716736
1107322848274759681
1106784359544180737
1106779057528688640
1101403488175747072
1101402779778777088
1097827633994313729
1097827442876653568
1097826354320601088
1097100230481362944
1096809331226542081
1096752448872411136
1096017847107682304
1096016577005215744
1093139570093449218
1093103729031725056
1092988131278839808
1092988064450953216
1092456061729157120
1092455845005312000
1089048343823687680
1089005918396678145
1088758600191815681
1088640206528540673
1087752483403894788
1087750556683329537
1087749304096301056
1087748313921785861
1087015144851419138
1085386427691610113
1085385712629895168
1085384114272960514
1085383131966963715
1085068003526488064
1084366945774899200
1084366103801970689
1084366060684537856
1083634593897558016
1083561820152086534
1082973057554104326
1082872197423792128
1082473719883317249
1081112899660189696
1081111780057862145
1081111267568431105
1080663264357429254
1079783469285326849
1075299658782642176
1075297483650158592
1075292349025144832
1075292232184463360
1075289977469263872
1073545338097680384
1071008386928410632
1069909384791252992
1069908279436996610
1068815700742033408
1068514252917358597
1067055305123520513
1065608555305291777
1065605957168844800
1065471015902314497
1065440417468968960
1065200659002097664
1064869603292184576
1064568392491790336
1064118408965316610
1063672955886948352
1061128150543781888
1061127661353807873
1061124285232599040
1061112038712197120
1060085060035010560
1059860375523545088
1058390850248564736
1058309081147019265
1057988077220757504
1056916002674499585
1056910377546641410
1056910197799743489
1056910026181394437
1056909101345726464
1056203941460041728
1056035687965868032
1055817451693359105
1055806600949182464
1054748562892951553
1054209875172122624
1053920335609937920
1053880229838565376
1053680884396777473
1053236246259097600
1052929767341772800
1052928194502959104
1052211397881401344
1052083772211032064
1052036299811635200
1051892284818624512
1051890723828756484
1050957124858273792
1050798634026102790
1050797875469389826
1050796825689645056
1050796426622640128
1050795560624635904
1050793023729217538
1049966132239785985
1049708188474462208
1049708038712676353
1049605615809650691
1049605223407394816
1049600751381692416
1049600623220613121
1049141123405496320
1049135056659390464
1048241451086303232
1048143757894475776
1048118629823385601
1047692696041787392
1047691994577944576
1047527148515414017
1046762206224941058
1046735729769021445
1046735153022808064
1046086085514792961
1046085329919315968
1046084534079508480
1045669917222195200
1045669011709730816
1045668973109489664
1045616824094724097
1045179622655168512
1044948295712411648
1044836403023151105
1044803213181014017
1044493755305349122
1044202110525591552
1043850381657296896
1043545846858637312
1043544258865713154
1043544245125169152
1042626537718251521
1042074826884689921
1042073977919877120
1042073291467448321
1040960453495738368
1040583096242978816
1040582975493218305
1040290095805485057
1040080606267228160
1038481832021553152
1037762920560701441
1037585682217222144
1037535995036618752
1037374654225104896
1034095542572339200
1033210294024261633
1030092757652525056
1030092063189098496
1029629718902005762
1029558922980548609
1029246759841804288
1029047210875469824
1025295372187561984
1025239218229071872
1025238951098044416
1025231827924074496
1024240196127215616
1024239815863267328
1024239068497027073
1024238332191170560
1023443467240919040
1022850908688932864
1022481906150125569
1020923040841043968
1019931875043889154
1019647349977595905
1019647317886922754
1019643039139024902
1019411177191985152
1019276388724027392
1019276059357990915
1019271870183456768
1019271105704386560
1019268670072152065
1019267629679366144
1019249107997638656
1019244332555984897
1018878495987060737
1018878312884695040
1018877851334934528
1017784694002380801
1017784304489857024
1017614256999575554
1016895553626570752
1016261493443133440
1014884859536379904
1014079663763804165
1014078647689531393
1014077675634417664
1014076023351242752
1014072103614611457
1014071961268281344
1012543904602701825
1011950686366552064
1011653104658313216
1009989883853619201
1009989430331912192
1009701470445408256
1009628362334228480
1009628362225209344
1009080772110610433
1009079479048630272
1009079356428206080
1009078998968647680
1008927710612205569
1008927624377372673
1002480993507241984
1002476858682855425
1001759669700902915
1001499411636105216
1001499353188450305
1001498553619894272
998565711042760704
997488791202885633
997488306236538880
996982542325702656
996982434007863296
996982301346205696
996605873416884225
994785703782486016
994785328769708033
994784997885267968
994784718901141504
994236902428594176
992680894027718656
992679219170807808
992648131840884736
989440562766974977
989132755752517633
988748606604750848
988617522093219840
988461974366359553
988434523959582721
988263370779439104
987666521613881344
987580396949921792
985676376085688320
985077111898583040
984828005120786432
984113958079684609
984113761215762432
983222318578257920
982515829781745665
982507917810323457
981928194621059072
981923095622565889
979628787624275968
979628695282429952
979628578995343360
979628325789454336
979586122551410688
978971830735265793
978309955173470213
978301628875853824
976780478291349504
976714399338680320
976689870646079489
976464154067337216
976463935707795462
975748770720710656
974186050779209728
974152076522545152
974125877649969155
974125671999066112
974124448923242496
973566002976915457
973558210182373376
973557679112126464
973553060810129409
973212263082442752
973105952630165504
971680366498074624
971611349947002882
970703175140478976
970702735380279296
969736564401111041
969735804888272896
969115315912163328
968425658174107650
968155816707715073
968029498842238978
967978335145025537
965224252025708544
965218884604194816
965216757404254208
964446170499051521
963080266737733633
962923752857186305
961838954008920065
961457003976564737
959718691754598400
959717978055954432
958188703918080000
958181961662529536
957981669042003968
956784894922780672
956691507599167488
956498071822647296
955810754170535937
955737542468382721
955737393889361920
955736618605862912
955734270470836224
955639376448405510
955639092477177856
955638812188729345
955424351746105344
954929553712979968
954724790123732992
954688157487788032
954612311020355585
954245488471031809
954225652307189760
954013473360375808
953658526919835648
953658259667271680
953658001415585792
953554062422589441
953231174775619584
952002855933689856
951998457585090560
951997781400539137
950263665755762688
949696175933865984
947323721781460992
944492965912764416
944370718317338624
944197111788191745
942622836258095104
942582496792788993
942410765478215680
940577693044695041
940046355925409793
939109362638864384
938432655170846720
938431435957985280
937678845070622721
936596765146361856
934760321876606976
933311382136619008
933311282895130624
933311238922059776
928184823046221824
928184732122099712
928154121143689216
923174656537911296
923174304639885312
923173193069637633
919020059334385665
915904350571995137
914882189287763970
914881850727788544
914881600696991744
914859011677102080
914435405667115008
914396160848101377
914395761185394689
912596071951433728
911606946452594688
910731435807354881
910731131040931841
910471719281819648
905491688243707904
905324208812548096
905323959159160832
905270249938878464
905269350168453124
903107573129162752
902753833608237058
902527833926283265
902526166405308416
902525969424048128
902525796119482369
901457213478256642
901324879185625089
901324850358140928
900774280018894848
900774013332357121
900773986690252800
900344701940776960
899996107467481088
899910474636042240
897323479380312068
897322812657983493
897158757389549570
897114343002710016
897111608328986625
896931072931315712
896810169673195524
896244285497933826
895974235364925440
893681993577152512
891293256469721088
890834478653784064
890209160494694401
890151910019260416
890067011245666304
890066444947525637
890058980508172290
890058652048130049
889848083089039360
889091711300804610
889091541263720448
889091397365649408
888965279526420480
888029962745151488
887343251216244742
887343217846272000
886476395668426752
885019548612788224
882864055156850689
882835509571203073
882456943448563712
881357980507062273
881357702940643329
879347856238194688
879167820155703296
878871882749026305
878871761558749184
878461453866385409
878118221483618305
877367527638052866
877074888044892161
875723608055660544
875617862617972736
874574973284777989
874309576828436484
874307816634241024
873533633847369728
873390195135008768
873086257630289920
873085708101050368
872857974770810880
872857862539694080
872857632230342656
872459225913577473
872449413083475969
871777150457724928
871773885770813440
871773543544930304
871772875102887936
871751532701638656
868104226211151873
868070750959288320
868070623246917632
867977160555810816
867712343253409793
867408923778719748
867408801892192257
867405347215900672
866694462415622144
866659658353606656
865823100599902208
865788164601896960
863315159321722880
862903858141343745
862902651947687937
861640953173385216
860931590838530048
860931450031357953
860931236885286912
860846694468026369
858959863396810752
858959831448690688
857621139991830532
857620370504810496
857470938119536640
856809033994346496
855413665184366592
855348675123585025
854967861562847232
854967637616361472
854947603607191552
854946569975508992
854946569971417088
854945374020157441
854945047250219008
854944899111596032
854944596924678148
854529851860111361
853928274778398720
853102156995411968
853083711193186305
852911315819520000
852567616908603392
852219387092377602
851304552716537856
851283854090317826
850758233450962944
850719933717635073
850714049968914433
850413260201504770
850412976024715265
849321380361404416
849124819547435009
849123572513558528
848564042826481664
848562437326602240
848561586683957248
847303515152056321
847104298345422848
847103821327220736
845652007612383232
844884476882644992
844877528258953219
844876420992032768
844875785693347840
844571048326541312
844570822274535424
844567272207278081
844447282271600640
844447042286047233
844206300489646082
843511131012440065
843132039452798976
843132029042491394
843131998524731393
841212663023599620
841165953509474305
840919382943510532
840569508016275456
840273560987922433
839498410537340928
839389448777277440
838042886314708993
836956544033923075
835833043185119232
835135309494919168
834817006310420480
834756145612890113
834738636285321216
834428865418104832
834034242204135424
833642021889925121
833353645538344960
833319202672910336
832891677639528450
832888490748686337
832626212136562688
832081683612512256
832080195095965697
832060387487019009
830665885828288512
830665854543028224
829335660100096000
829247023576674307
829240599912075264
828479510928465921
828478578144669696
828473125561982976
828256904052776960
828255694532980738
828254197531291648
827575925558636544
827573821863403522
827519186544971777
827506312200101888
827505298206183424
827502743552040962
827502077114929153
827501260244803584
827453065036836864
826766993218875392
826766499234738176
826765535400521728
826710730283966465
825741408078352384
825741169103630336
824671562443919360
824481221577101313
824167528847077380
824107154197991426
823936346301562880
823898447665209346
823781734596624384
823380779698978818
823380754499387392
822846096846168065
822845990608605184
822825789750022144
822825653175087104
822697118796087297
822668931609477120
822668848923049984
822643302260506624
822399829032583173
822072381212606464
821616330658947074
819950852626485248
819950785291165697
819950317491978240
819854521673351168
819778903841439744
819536719179415552
819443949693595651
818699647392677888
818647435304017921
817714583448096769
817655201624489984
817608497411989505
817607199920832512
817256164467437568
817244715854635008
817040029805445120
817024315681972224
817002328423206912
816687664468463616
816687475527651328
816684019790135300
816681647756091392
816476462693789696
815784990596165632
815541430240149504
815240697007570945
815240669841133572
815240643857371136
815240624962093057
815240585690759168
815240389560938496
815240364487364608
815240353036963841
815240344694460416
815240336758874112
815240311551115266
815240291145781249
815240283445071872
815233730637746176
815015893830811648
814759954317873152
814749918455885824
814489582183976960
814486980369137666
814474372236779520
813394657287630848
813261068529070080
813260864622997506
812977179633979392
812252041070276608
812252011177517056
811615880870117376
811237945352953856
811230478065729536
810855061987307520
810843843826315264
810190752101715972
810187706617597956
810182160527175680
810180528137641984
810130047679885312
810032772815278080
809961289913012224
809440522347548672
809440091043074048
809439504473804800
809248365389041665
809248100678176768
809247856028565504
809247295355006976
805807818636804096
805088349660672000
804619684620341249
804609515094061057
804609311238328322
803942892016254976
803932746712117249
803655766007627776
803654910851977216
799668196726800384
797534608417964032
796733742727335936
795329549596696577
795314354237210624
795265844892680195
795265832007802880
795265746947346432
795265698788294656
794965114990403585
794819662940762114
794817302499729408
792600144604561410
792555428034908160
790619900519718912
789866503600340992
789538124154015744
789536634765139968
789534479337402368
774239000081104896
767216949281513472
763767709335064578
755214220690530304
755214194044051456
753652665515700224
753520825286787072
751004506335227904
744358183477477376
743754178388860928
743754175444451328
743753384084180993
743753259253268480
741835222996553728
741835213118967808
739512382678913024
739512369357848576
739512355621507072
739512335002304513
739512304102838273
739512272708468736
739512252986843141
739512229364539393
739512213933694976
725235352357732353
725235292198830081
725222840329486336
724834573209722881
724833798089756674
723417409843957760
723417095455698945
723417012056117250
723071936780218368
723051911075733504
723050594437607424
723050223250096128
723049627918974976
721984962770137088
720861544242778112
720861469978419200
719768852394024960
719399864027598848
718296315738853377
718296247195549696
717976563707326464
716922340550946816
716879658101243904
716249136115232769
716157325791203328
715752987621240833
715422673430405121
715422581092814848
715422513988132864
715389483504435201
715074767686991872
715005438832455680
714717152327168000
714716945132740609
714702338737512450
714665654788485122
714303580170240000
713966711226019840
713957139618746368
713759729462345729
713567474948505600
712588282362613761
712518417446776834
712515248612319233
711402853198213121
711052236118368256
710681750762958849
710680396069863426
710677632883380224
710675827084500993
709941209549017089
709646627955286016
709623599733219328
709588915707981824
709303148234412032
709229512790122496
709228515544014848
709227673881448448
709226551666081792
708858316328296449
708855573509328896
708595903494561792
708508993220554752
708507765254164480
708506968227352576
708238036593553408
708230251566862336
708135074680549377
708133736261419009
708128726777614337
707866003963707392
707516320573554688
707431383203975168
707420177483214849
707419486782009344
707418312477507586
707415220000391170
707413261684113410
707411620889104385
707409861265391616
707409361816031233
707408937516027904
707407320372805633
707404447098339328
707404138447933440
707404033099636736
707203635126472705
707203570303545344
707176076166844417
707133240671207424
707079126071386112
707057934002327552
707057833691361280
706330168541843457
706327611530571776
706326254270619648
706326089711235072
706325889450029056
706321456200704000
706320780292829184
705947441649029120
705682530637185024
705682467701682177
705304716826116097
705302446675890177
705251880348291073
705251704204300288
704960439524974592
704886626892156928
704331899557306368
704307523722067969
704305161565503489
704198507335385088
704198426259558400
704195221127618561
704195044148965376
704194945587023873
704190818219925504
704190726368862208
704177028552134656
704176948612829184
704176802680463360
704176721143136256
704168636387336193
704168560881504256
704166728096464897
704166653232291840
704164005791850496
704163931603013632
704161307189239809
704160387604856832
704160281967124480
704160066505670656
704159976982450176
704154992224116736
704147029010812929
704146585714892800
703852566480687104
703425853619712000
703418644219297794
703418253712830464
703411448714629120
703182201840496640
703180750380662784
703178390321307648
703176714935926786
703176621440659456
703176110041739264
703175947428573186
703174858004258817
703173850972844032
703173704121888768
703170220966301696
703170083565150212
703167002538438657
703166905251549184
703110557797199872
703110535361855488
703110524804857856
703110514004480000
703071140902666244
703069550133248002
703069377524936705
703069326971052033
703069029842354177
703068972556484608
703068862745477120
703058363018424321
703054432934633472
702338720100278273
702338309331111936
702337744610074625
702089397672366081
701817563462807556
701751907711209472
701701208147296256
701623038140293120
701618666392059905
701453734409187328
701370554800967680
701341093107884032
701258165132726273
701257448225509377
701252071308161025
700908782155501569
700907787723780096
700906547258363904
700683745016164353
700647745258827776
700626824984788992
700625517498662912
700623882932191232
700623221335265280
700609785671000065
700317444699623424
699868889677606914
699632138266652673
699556765029912576
699556091999334400
699556027188940800
699453356830380033
699453288270286848
699453232184098816
699453145458413568
699450531270397952
699183297599963136
699179523187695616
698363915583918080
698363848709943296
698363712286003200
698363675933933568
698363653939023873
698105996565020672
698073327303196672
697834918064185344
697831268449300480
697706379339915264
697696530828959745
697696405272440832
697695846523998210
697695627832987649
697323558213554177
697298490469158912
697297209897816067
697278443977748480
697277942414446592
697277927168221185
697277416155131904
697275364003831808
697275328188674048
697113873803931648
697113530424635393
697064624739356674
697063916904411137
697063015468761088
697062826901266432
696986387615084545
696986336700424192
696980176396156928
696952136710647808
696635225699328000
695983155208032256
695974763953434624
695974593866010625
695974490589761536
695974387074269184
695969969809436673
695968631193096197
695968292230471680
